30/12/2014 	35,06 	35,06 	35,64 	-0,24 	-0,68 	4.661.200
29/12/2014 	35,30 	35,00 	35,81 	0,24 	0,68 	5.032.800
26/12/2014 	35,06 	35,02 	35,95 	-0,76 	-2,12 	2.542.000
23/12/2014 	35,82 	34,70 	35,82 	0,48 	1,36 	6.201.900
22/12/2014 	35,90 	34,73 	35,91 	0,30 	0,84 	6.234.200
19/12/2014 	35,60 	34,82 	35,60 	0,89 	2,56 	7.151.600
18/12/2014 	34,71 	34,37 	35,99 	-0,21 	-0,60 	7.504.200
17/12/2014 	34,92 	33,47 	35,57 	1,63 	4,90 	15.004.200
16/12/2014 	33,29 	32,20 	33,70 	0,17 	0,51 	16.301.500
15/12/2014 	33,12 	32,80 	34,75 	-0,96 	-2,82 	12.631.200
12/12/2014 	34,08 	34,08 	36,23 	-2,12 	-5,86 	11.477.100
11/12/2014 	36,20 	35,07 	36,28 	0,85 	2,40 	8.210.700
10/12/2014 	35,35 	35,01 	36,55 	-1,06 	-2,91 	7.078.300
9/12/2014 	36,41 	35,14 	36,53 	0,83 	2,33 	8.152.000
8/12/2014 	35,58 	35,36 	37,36 	-1,88 	-5,02 	5.683.700
5/12/2014 	37,46 	36,45 	37,51 	0,81 	2,21 	4.609.400
4/12/2014 	36,65 	36,50 	37,84 	-0,80 	-2,14 	5.252.100
3/12/2014 	37,45 	36,85 	37,60 	0,62 	1,68 	3.590.200
2/12/2014 	36,83 	36,43 	38,02 	-0,64 	-1,71 	7.156.800
1/12/2014 	37,49 	37,37 	39,41 	-2,07 	-5,23 	9.594.900
28/11/2014 	39,56 	39,51 	40,57 	-0,18 	-0,45 	5.782.300
27/11/2014 	39,74 	39,48 	41,09 	-0,76 	-1,88 	6.321.000
26/11/2014 	40,50 	40,27 	41,32 	-0,42 	-1,03 	7.950.600
25/11/2014 	40,92 	39,83 	41,33 	0,58 	1,44 	9.767.500
24/11/2014 	40,34 	39,93 	41,79 	-0,66 	-1,61 	13.473.400
21/11/2014 	41,00 	38,16 	41,20 	2,90 	7,61 	16.620.600
19/11/2014 	38,10 	36,60 	38,10 	1,57 	4,30 	9.451.600
18/11/2014 	36,53 	34,86 	36,53 	1,57 	4,49 	7.368.200
17/11/2014 	34,96 	34,87 	36,24 	-0,80 	-2,24 	5.265.100
14/11/2014 	35,76 	34,55 	35,96 	0,12 	0,34 	6.908.200
13/11/2014 	35,64 	35,64 	37,00 	-0,97 	-2,65 	5.813.000
12/11/2014 	36,61 	36,13 	37,63 	0,10 	0,27 	6.545.400
11/11/2014 	36,51 	35,88 	36,75 	0,22 	0,61 	4.636.100
10/11/2014 	36,29 	36,29 	36,85 	0,19 	0,53 	5.411.000
7/11/2014 	36,10 	35,34 	36,33 	0,15 	0,42 	6.944.700
6/11/2014 	35,95 	35,83 	36,53 	-0,79 	-2,15 	8.143.400
5/11/2014 	36,74 	36,64 	37,77 	-0,55 	-1,47 	8.964.500
4/11/2014 	37,29 	36,46 	37,90 	0,45 	1,22 	7.003.800
3/11/2014 	36,86 	36,07 	37,04 	-0,46 	-1,23 	6.655.200
31/10/2014 	37,32 	36,18 	37,32 	1,27 	3,52 	9.004.100
30/10/2014 	36,05 	34,88 	36,45 	2,29 	6,78 	12.926.500
29/10/2014 	33,76 	33,72 	35,42 	-1,39 	-3,95 	9.560.400
28/10/2014 	35,15 	33,74 	35,22 	2,23 	6,77 	12.220.900
27/10/2014 	32,92 	30,80 	33,48 	-0,73 	-2,17 	20.678.500
24/10/2014 	33,47 	32,96 	34,88 	0,67 	2,04 	11.840.000
23/10/2014 	32,80 	32,80 	34,80 	-2,10 	-6,02 	17.793.800
22/10/2014 	34,90 	34,63 	36,07 	0,08 	0,23 	9.509.600
21/10/2014 	34,82 	34,20 	35,29 	-1,89 	-5,15 	17.925.200
20/10/2014 	36,71 	36,71 	37,69 	-0,89 	-2,37 	9.550.100
17/10/2014 	37,60 	36,60 	37,79 	1,40 	3,87 	11.081.100
16/10/2014 	36,20 	36,01 	37,50 	-1,33 	-3,54 	11.745.100
15/10/2014 	37,53 	36,56 	38,79 	-2,17 	-5,47 	15.083.200
14/10/2014 	39,70 	38,54 	40,00 	0,54 	1,38 	12.437.900
13/10/2014 	39,16 	37,34 	39,77 	2,84 	7,82 	15.000.200
10/10/2014 	36,32 	36,32 	37,84 	-1,84 	-4,82 	8.636.700
9/10/2014 	38,16 	0,00 	0,00 	0,73 	1,95 	8.586.600
8/10/2014 	37,43 	36,75 	38,67 	-0,32 	-0,85 	10.216.200
7/10/2014 	37,75 	37,75 	38,92 	-0,25 	-0,66 	13.344.200
6/10/2014 	38,00 	37,92 	40,00 	2,67 	7,56 	22.710.400
3/10/2014 	35,33 	34,40 	35,56 	0,72 	2,08 	7.561.900
2/10/2014 	34,61 	33,70 	35,17 	1,04 	3,10 	11.859.100
1/10/2014 	33,59 	33,52 	34,45 	-1,25 	-3,59 	13.140.800
30/09/2014 	34,84 	34,01 	35,66 	-0,85 	-2,38 	14.228.000
29/09/2014 	35,69 	35,35 	36,66 	-2,70 	-7,03 	15.664.500
26/09/2014 	38,39 	36,65 	38,56 	1,62 	4,41 	7.436.800
25/09/2014 	36,77 	36,64 	37,48 	-0,90 	-2,39 	7.639.400
24/09/2014 	37,67 	36,81 	37,86 	0,29 	0,78 	5.313.400
23/09/2014 	37,38 	37,10 	38,24 	-0,31 	-0,82 	6.449.700
22/09/2014 	37,69 	36,91 	37,77 	-0,31 	-0,82 	6.773.300
19/09/2014 	38,00 	37,87 	38,98 	-0,90 	-2,31 	6.756.100
18/09/2014 	38,90 	38,61 	39,55 	-0,52 	-1,32 	8.622.700
17/09/2014 	39,42 	39,26 	40,10 	0,20 	0,51 	8.261.600
16/09/2014 	39,22 	38,25 	40,25 	1,04 	2,72 	13.183.900
15/09/2014 	38,18 	36,71 	38,19 	1,18 	3,19 	7.341.200
12/09/2014 	37,00 	36,78 	37,97 	-1,07 	-2,81 	13.789.000
11/09/2014 	38,07 	37,89 	38,80 	-0,18 	-0,47 	7.323.800
10/09/2014 	38,25 	37,97 	39,15 	-0,97 	-2,47 	10.840.200
9/09/2014 	39,22 	39,03 	39,97 	-0,53 	-1,33 	9.785.800
8/09/2014 	39,75 	39,75 	41,59 	-1,14 	-2,79 	10.961.600
5/09/2014 	40,89 	40,00 	41,00 	0,69 	1,72 	10.695.900
4/09/2014 	40,20 	40,13 	41,49 	-1,44 	-3,46 	9.462.600
3/09/2014 	41,64 	40,72 	42,00 	0,09 	0,22 	9.651.000
2/09/2014 	41,55 	40,13 	41,75 	0,84 	2,06 	7.032.900
1/09/2014 	40,73 	40,73 	41,74 	-0,11 	-0,27 	6.617.600
29/08/2014 	40,84 	40,00 	41,29 	0,99 	2,48 	10.744.900
28/08/2014 	39,85 	39,53 	40,21 	-0,06 	-0,15 	11.188.200
27/08/2014 	39,91 	38,95 	40,16 	1,03 	2,65 	11.888.700
26/08/2014 	38,88 	38,40 	39,07 	0,21 	0,54 	5.813.500
25/08/2014 	38,67 	37,80 	38,67 	1,07 	2,85 	5.629.500
22/08/2014 	37,60 	37,50 	38,24 	-0,60 	-1,57 	3.920.400
21/08/2014 	38,20 	37,47 	38,30 	0,50 	1,33 	6.545.500
20/08/2014 	37,70 	37,22 	37,75 	0,20 	0,53 	7.546.800
19/08/2014 	37,50 	36,10 	37,52 	1,10 	3,02 	9.088.900
18/08/2014 	36,40 	36,08 	36,54 	0,25 	0,69 	5.717.500
15/08/2014 	36,15 	35,66 	36,15 	0,50 	1,40 	7.236.300
14/08/2014 	35,65 	34,42 	35,65 	1,03 	2,98 	9.508.700
13/08/2014 	34,62 	34,23 	35,48 	-0,33 	-0,94 	11.452.700
12/08/2014 	34,95 	34,56 	35,12 	0,00 	0,00 	4.123.200
11/08/2014 	34,95 	34,12 	34,95 	0,95 	2,79 	5.333.700
8/08/2014 	34,00 	33,88 	34,65 	-0,75 	-2,16 	5.784.600
7/08/2014 	34,75 	34,56 	35,44 	-0,37 	-1,05 	4.441.100
6/08/2014 	35,12 	34,73 	35,82 	0,02 	0,06 	4.686.100
5/08/2014 	35,10 	35,10 	35,84 	-0,30 	-0,85 	6.752.600
4/08/2014 	35,40 	34,63 	35,40 	0,47 	1,35 	5.148.000
1/08/2014 	34,95 	34,45 	35,23 	0,34 	0,98 	7.931.000
30/07/2014 	34,91 	34,82 	35,43 	-0,18 	-0,51 	5.139.000
29/07/2014 	35,09 	34,76 	35,92 	0,15 	0,43 	6.650.700
28/07/2014 	34,94 	34,90 	35,53 	-0,36 	-1,02 	6.001.800
25/07/2014 	35,30 	35,21 	35,80 	-0,30 	-0,84 	5.238.500
24/07/2014 	35,60 	34,99 	35,75 	0,46 	1,31 	8.927.600
23/07/2014 	35,14 	34,53 	35,19 	-0,04 	-0,11 	4.820.500
22/07/2014 	35,18 	34,90 	35,49 	-0,12 	-0,34 	5.369.500
21/07/2014 	35,30 	34,75 	35,53 	0,28 	0,80 	8.122.400
18/07/2014 	35,02 	34,40 	35,20 	1,60 	4,79 	9.898.400
17/07/2014 	33,42 	33,20 	34,15 	-0,15 	-0,45 	8.187.200
16/07/2014 	33,57 	33,32 	34,78 	-1,14 	-3,28 	10.321.100
15/07/2014 	34,71 	34,09 	34,76 	0,31 	0,90 	5.726.100
14/07/2014 	34,40 	33,28 	34,46 	1,20 	3,61 	8.572.700
11/07/2014 	33,20 	32,54 	33,22 	0,20 	0,61 	5.528.700
10/07/2014 	33,00 	32,05 	33,07 	0,95 	2,96 	11.671.700
8/07/2014 	32,05 	32,00 	32,50 	-0,35 	-1,08 	4.186.200
7/07/2014 	32,40 	32,03 	32,48 	-0,24 	-0,74 	4.424.000
4/07/2014 	32,64 	32,22 	32,64 	0,15 	0,46 	667.400
3/07/2014 	32,49 	31,62 	32,49 	0,56 	1,75 	6.335.200
2/07/2014 	31,93 	31,62 	32,27 	-0,09 	-0,28 	6.251.400
1/07/2014 	32,05 	31,94 	32,64 	0,00 	0,00 	4.111.900
30/06/2014 	32,05 	31,91 	32,62 	-0,34 	-1,05 	6.683.300
27/06/2014 	32,39 	32,29 	33,02 	-0,36 	-1,10 	5.451.400
26/06/2014 	32,75 	32,60 	33,29 	-0,07 	-0,21 	5.645.000
25/06/2014 	32,82 	32,82 	34,55 	-1,57 	-4,57 	10.974.800
24/06/2014 	34,60 	33,60 	34,69 	0,53 	1,56 	7.913.400
23/06/2014 	34,07 	33,65 	34,55 	-0,28 	-0,82 	4.007.000
20/06/2014 	34,35 	33,92 	34,51 	-0,09 	-0,26 	5.200.300
18/06/2014 	34,44 	33,32 	34,44 	0,59 	1,74 	8.574.000
17/06/2014 	33,85 	33,72 	34,25 	-0,46 	-1,34 	3.467.200
16/06/2014 	34,31 	33,85 	34,34 	-0,03 	-0,09 	6.364.400
13/06/2014 	34,34 	34,05 	34,50 	-0,08 	-0,23 	6.098.500
11/06/2014 	34,42 	33,78 	34,59 	0,78 	2,32 	12.414.300
10/06/2014 	33,64 	32,87 	33,71 	0,26 	0,78 	7.428.700
9/06/2014 	33,38 	32,24 	33,49 	0,88 	2,71 	11.147.200
6/06/2014 	32,50 	31,85 	32,50 	1,51 	4,87 	18.488.500
5/06/2014 	30,99 	30,96 	31,64 	-0,24 	-0,77 	6.928.800
4/06/2014 	31,23 	31,13 	31,53 	-0,27 	-0,86 	6.096.300
3/06/2014 	31,50 	31,06 	31,57 	0,27 	0,86 	8.503.200
2/06/2014 	31,26 	31,03 	31,60 	0,05 	0,16 	9.007.300
30/05/2014 	31,21 	31,21 	32,09 	-0,97 	-3,01 	9.019.800
29/05/2014 	32,18 	31,93 	32,79 	-0,35 	-1,08 	5.386.500
28/05/2014 	32,53 	32,10 	32,98 	0,33 	1,02 	9.878.100
27/05/2014 	32,20 	32,10 	33,40 	-0,50 	-1,53 	9.056.800
26/05/2014 	32,70 	32,31 	32,87 	-0,13 	-0,40 	3.031.600
23/05/2014 	32,83 	32,45 	33,49 	-0,53 	-1,59 	6.503.700
22/05/2014 	33,36 	32,36 	33,36 	0,34 	1,03 	14.831.800
21/05/2014 	33,02 	33,02 	34,27 	-0,86 	-2,54 	10.263.500
20/05/2014 	33,88 	33,73 	34,89 	-0,62 	-1,80 	10.201.900
19/05/2014 	34,50 	34,39 	35,19 	-0,60 	-1,71 	6.289.000
16/05/2014 	35,10 	34,81 	35,25 	0,23 	0,66 	4.870.100
15/05/2014 	34,87 	34,50 	35,18 	-0,45 	-1,27 	4.435.400
14/05/2014 	35,32 	34,56 	35,32 	0,58 	1,67 	7.662.300
13/05/2014 	34,74 	34,41 	34,96 	-0,17 	-0,49 	5.991.300
12/05/2014 	34,91 	34,42 	34,91 	0,62 	1,81 	3.943.500
9/05/2014 	34,29 	34,29 	34,88 	-0,29 	-0,84 	3.915.500
8/05/2014 	34,58 	34,42 	35,08 	-0,39 	-1,12 	5.799.700
7/05/2014 	34,97 	34,20 	35,10 	0,41 	1,19 	14.621.200
6/05/2014 	34,56 	33,60 	34,56 	0,25 	0,73 	11.214.100
5/05/2014 	34,31 	33,74 	34,34 	0,74 	2,20 	9.644.100
2/05/2014 	33,60 	32,96 	34,21 	0,41 	1,24 	9.222.800
30/04/2014 	33,19 	32,91 	33,54 	-0,36 	-1,07 	6.434.500
29/04/2014 	33,55 	33,39 	34,27 	0,26 	0,78 	7.626.600
28/04/2014 	33,29 	32,96 	33,35 	-0,24 	-0,72 	4.984.200
25/04/2014 	33,53 	33,12 	33,57 	-0,07 	-0,21 	6.918.300
24/04/2014 	33,60 	33,11 	33,68 	0,60 	1,82 	8.791.300
23/04/2014 	33,00 	32,86 	33,29 	-0,32 	-0,96 	5.118.500
22/04/2014 	33,32 	32,90 	33,50 	-0,11 	-0,33 	8.093.700
17/04/2014 	33,43 	32,26 	33,49 	0,60 	1,83 	7.411.200
16/04/2014 	32,83 	32,36 	32,95 	0,38 	1,17 	7.982.900
15/04/2014 	32,45 	31,52 	32,68 	-0,31 	-0,95 	7.383.400
14/04/2014 	32,76 	32,57 	33,26 	-0,41 	-1,24 	5.623.600
11/04/2014 	33,17 	31,83 	33,36 	0,85 	2,63 	7.820.200
10/04/2014 	32,32 	31,88 	32,59 	0,21 	0,65 	6.712.400
9/04/2014 	32,11 	31,73 	32,38 	-0,27 	-0,83 	10.355.000
8/04/2014 	32,38 	32,29 	34,50 	-0,65 	-1,97 	18.858.200
7/04/2014 	33,03 	31,96 	33,05 	1,28 	4,03 	9.491.100
4/04/2014 	31,75 	31,65 	32,83 	-0,38 	-1,18 	13.916.200
3/04/2014 	32,13 	31,73 	32,70 	-0,17 	-0,53 	9.280.000
2/04/2014 	32,30 	31,31 	32,53 	0,80 	2,54 	16.807.300
1/04/2014 	31,53 	31,00 	31,53 	0,34 	1,09 	7.597.800
31/03/2014 	31,19 	30,49 	31,23 	0,49 	1,60 	10.052.300
28/03/2014 	30,70 	30,34 	30,95 	0,07 	0,23 	10.952.200
27/03/2014 	30,63 	29,38 	30,74 	1,12 	3,80 	21.426.800
26/03/2014 	29,51 	28,91 	29,86 	0,64 	2,22 	13.295.900
25/03/2014 	28,87 	28,77 	29,43 	-0,17 	-0,59 	12.449.100
24/03/2014 	29,04 	28,41 	29,35 	0,79 	2,80 	10.319.000
21/03/2014 	28,25 	27,78 	28,37 	-0,05 	-0,18 	11.653.000
20/03/2014 	28,30 	27,27 	28,30 	0,78 	2,83 	10.248.000
19/03/2014 	27,52 	27,02 	27,59 	0,27 	0,99 	6.087.000
18/03/2014 	27,25 	26,78 	27,35 	0,32 	1,19 	7.973.300
17/03/2014 	26,93 	26,43 	26,99 	0,56 	2,12 	7.881.500
14/03/2014 	26,37 	26,24 	26,87 	-0,35 	-1,31 	6.726.900
13/03/2014 	26,72 	26,65 	27,51 	-0,56 	-2,05 	7.281.100
12/03/2014 	27,28 	26,88 	27,28 	0,17 	0,63 	7.685.600
11/03/2014 	27,11 	26,85 	27,47 	0,13 	0,48 	6.701.800
10/03/2014 	26,98 	26,75 	27,52 	-0,66 	-2,39 	7.675.900
7/03/2014 	27,64 	27,53 	28,13 	-0,36 	-1,29 	11.395.400
6/03/2014 	28,00 	26,84 	28,00 	1,03 	3,82 	9.747.500
5/03/2014 	27,00 	26,77 	27,29 	-0,31 	-1,14 	6.415.500
28/02/2014 	27,31 	27,08 	27,80 	-0,12 	-0,44 	8.621.800
27/02/2014 	27,43 	26,85 	27,60 	0,68 	2,54 	4.500.400
26/02/2014 	26,75 	26,56 	27,13 	-0,20 	-0,74 	4.758.200
25/02/2014 	26,95 	26,77 	27,54 	-0,64 	-2,32 	5.800.600
24/02/2014 	27,59 	27,14 	27,77 	0,32 	1,17 	6.073.200
21/02/2014 	27,27 	26,73 	27,34 	0,56 	2,10 	8.596.900
20/02/2014 	26,71 	26,53 	27,29 	-0,24 	-0,89 	8.008.300
19/02/2014 	26,95 	25,85 	26,95 	0,55 	2,08 	11.869.500
18/02/2014 	26,40 	26,25 	26,79 	-0,12 	-0,45 	8.647.400
17/02/2014 	26,52 	26,52 	26,94 	-0,18 	-0,67 	3.418.800
14/02/2014 	26,70 	26,23 	26,76 	0,30 	1,14 	9.960.300
13/02/2014 	26,40 	25,94 	26,43 	-0,07 	-0,26 	8.232.100
12/02/2014 	26,47 	26,37 	26,69 	-0,13 	-0,49 	7.067.600
11/02/2014 	26,60 	26,05 	26,65 	0,47 	1,80 	11.180.800
10/02/2014 	26,35 	26,24 	26,68 	-0,25 	-0,94 	4.114.100
7/02/2014 	26,60 	26,01 	26,65 	0,37 	1,41 	8.140.100
6/02/2014 	26,23 	25,59 	26,44 	0,51 	1,98 	9.213.000
5/02/2014 	25,72 	25,37 	26,06 	-0,11 	-0,43 	8.576.200
4/02/2014 	25,83 	25,46 	26,10 	0,59 	2,34 	9.971.100
3/02/2014 	25,27 	25,02 	25,99 	-0,89 	-3,40 	11.212.600
31/01/2014 	26,16 	25,34 	26,18 	0,44 	1,71 	8.341.100
30/01/2014 	25,72 	25,50 	26,27 	-0,16 	-0,62 	7.867.300
29/01/2014 	25,88 	25,74 	26,47 	-0,61 	-2,30 	8.637.100
28/01/2014 	26,49 	26,49 	27,05 	0,02 	0,08 	5.409.200
27/01/2014 	26,47 	26,20 	26,69 	0,13 	0,49 	6.750.900
24/01/2014 	26,34 	26,10 	27,02 	-0,53 	-1,97 	9.521.000
23/01/2014 	26,87 	26,87 	27,85 	-0,62 	-2,26 	9.003.500
22/01/2014 	27,49 	27,19 	27,77 	0,18 	0,66 	7.642.000
21/01/2014 	27,31 	27,01 	27,64 	0,31 	1,15 	6.633.500
20/01/2014 	27,00 	26,93 	27,28 	-0,16 	-0,59 	2.749.800
17/01/2014 	27,16 	27,03 	27,54 	-0,27 	-0,98 	5.375.500
16/01/2014 	27,43 	27,33 	28,09 	-0,40 	-1,44 	6.477.000
15/01/2014 	27,83 	27,64 	27,99 	0,16 	0,58 	4.890.200
14/01/2014 	27,67 	27,24 	27,75 	0,25 	0,91 	6.286.700
13/01/2014 	27,42 	27,21 	28,04 	-0,20 	-0,72 	5.639.000
10/01/2014 	27,62 	27,28 	28,04 	0,23 	0,84 	6.751.900
9/01/2014 	27,39 	27,25 	28,21 	-0,81 	-2,87 	8.065.700
8/01/2014 	28,20 	27,91 	28,55 	-0,02 	-0,07 	7.255.100
7/01/2014 	28,22 	28,22 	28,93 	-0,63 	-2,18 	5.336.700
6/01/2014 	28,85 	28,34 	28,86 	0,35 	1,23 	8.180.400
3/01/2014 	28,50 	28,42 	28,93 	-0,42 	-1,45 	13.160.000
2/01/2014 	28,95 	28,76 	29,25 	-0,14 	-0,48 	6.852.200
