29/12/2016 	27,36 	26,76 	27,63 	0,31 	1,15 	631.500
28/12/2016 	27,05 	26,81 	27,46 	-0,01 	-0,04 	564.300
27/12/2016 	27,06 	26,77 	27,30 	0,25 	0,93 	330.600
26/12/2016 	26,81 	26,45 	26,94 	0,45 	1,71 	97.800
23/12/2016 	26,20 	26,06 	27,09 	-0,59 	-2,20 	335.600
22/12/2016 	26,79 	26,16 	26,88 	0,10 	0,37 	418.000
21/12/2016 	26,69 	26,55 	27,54 	-0,53 	-1,95 	362.100
20/12/2016 	27,22 	26,76 	27,50 	0,17 	0,63 	428.800
19/12/2016 	27,05 	27,05 	28,83 	-1,49 	-5,22 	762.700
16/12/2016 	28,54 	27,92 	29,12 	0,72 	2,59 	512.000
15/12/2016 	27,82 	26,91 	28,38 	0,01 	0,04 	731.300
14/12/2016 	27,81 	27,81 	28,84 	-0,76 	-2,66 	812.200
13/12/2016 	28,57 	27,82 	29,19 	0,28 	0,99 	567.900
9/12/2016 	28,62 	28,34 	29,19 	0,03 	0,10 	478.000
8/12/2016 	28,59 	28,09 	29,48 	0,18 	0,63 	671.700
7/12/2016 	28,41 	27,91 	28,76 	0,67 	2,42 	781.400
6/12/2016 	27,74 	26,58 	27,84 	0,43 	1,57 	299.200
5/12/2016 	27,31 	27,26 	28,07 	-0,46 	-1,66 	265.600
2/12/2016 	27,77 	27,15 	28,29 	0,15 	0,54 	674.700
1/12/2016 	27,62 	27,25 	29,12 	-1,33 	-4,59 	745.100
30/11/2016 	28,95 	28,89 	29,85 	-0,03 	-0,10 	930.100
29/11/2016 	28,98 	28,98 	29,86 	-0,95 	-3,17 	387.200
28/11/2016 	29,93 	29,16 	30,18 	0,57 	1,94 	399.000
25/11/2016 	29,36 	27,99 	29,36 	0,65 	2,26 	192.500
24/11/2016 	28,71 	28,71 	29,87 	-0,73 	-2,48 	147.800
23/11/2016 	29,44 	28,72 	29,53 	0,43 	1,48 	360.300
22/11/2016 	29,01 	29,01 	30,39 	-0,20 	-0,68 	724.900
21/11/2016 	29,21 	28,25 	29,59 	0,96 	3,40 	660.800
18/11/2016 	28,25 	27,78 	28,42 	0,40 	1,44 	522.900
17/11/2016 	27,85 	27,74 	29,69 	-1,29 	-4,43 	739.000
16/11/2016 	29,14 	27,70 	29,14 	1,37 	4,93 	1.335.700
14/11/2016 	27,77 	27,61 	29,48 	-0,74 	-2,60 	862.700
11/11/2016 	28,51 	27,59 	32,19 	-4,02 	-12,36 	1.794.200
10/11/2016 	32,53 	32,22 	35,55 	-2,61 	-7,43 	1.076.800
9/11/2016 	35,14 	34,80 	35,75 	-1,35 	-3,70 	622.500
8/11/2016 	36,49 	36,20 	37,55 	0,00 	0,00 	500.700
7/11/2016 	36,49 	34,90 	36,55 	1,77 	5,10 	328.600
4/11/2016 	34,72 	34,60 	36,10 	-0,64 	-1,81 	307.300
3/11/2016 	35,36 	35,30 	36,21 	-0,45 	-1,26 	605.300
1/11/2016 	35,81 	35,40 	37,58 	-0,74 	-2,02 	843.000
31/10/2016 	36,55 	36,20 	36,83 	0,13 	0,36 	474.000
28/10/2016 	36,42 	35,88 	36,66 	0,31 	0,86 	421.900
27/10/2016 	36,11 	35,95 	36,86 	-0,15 	-0,41 	359.900
26/10/2016 	36,26 	35,41 	36,61 	0,07 	0,19 	534.100
25/10/2016 	36,19 	35,86 	36,94 	-0,37 	-1,01 	593.200
24/10/2016 	36,56 	36,35 	37,08 	-0,34 	-0,92 	792.400
21/10/2016 	36,90 	36,55 	37,27 	-0,28 	-0,75 	579.700
20/10/2016 	37,18 	36,04 	37,82 	0,18 	0,49 	540.300
19/10/2016 	37,00 	36,92 	37,62 	-0,20 	-0,54 	651.100
18/10/2016 	37,20 	36,19 	37,51 	1,05 	2,90 	1.076.700
17/10/2016 	36,15 	35,45 	36,23 	0,82 	2,32 	651.700
14/10/2016 	35,33 	35,23 	36,33 	0,33 	0,94 	709.900
13/10/2016 	35,00 	34,40 	35,27 	0,43 	1,24 	999.600
11/10/2016 	34,57 	34,28 	34,90 	0,26 	0,76 	574.900
10/10/2016 	34,31 	33,98 	34,95 	0,59 	1,75 	420.900
7/10/2016 	33,72 	33,46 	34,41 	-0,38 	-1,11 	439.800
6/10/2016 	34,10 	33,61 	34,30 	0,10 	0,29 	369.800
5/10/2016 	34,00 	33,59 	34,57 	0,48 	1,43 	1.158.400
4/10/2016 	33,52 	33,21 	34,16 	-0,25 	-0,74 	646.200
3/10/2016 	33,77 	33,20 	34,29 	0,14 	0,42 	399.000
30/09/2016 	33,63 	33,63 	34,72 	-0,77 	-2,24 	1.322.300
29/09/2016 	34,40 	34,40 	35,56 	-0,07 	-0,20 	564.600
28/09/2016 	34,47 	33,89 	34,90 	0,02 	0,06 	309.300
27/09/2016 	34,45 	34,10 	35,04 	-0,36 	-1,03 	427.700
26/09/2016 	34,81 	34,37 	34,91 	0,09 	0,26 	164.300
23/09/2016 	34,72 	34,56 	35,20 	-0,08 	-0,23 	452.400
22/09/2016 	34,80 	33,86 	34,87 	0,80 	2,35 	467.700
21/09/2016 	34,00 	33,50 	34,66 	-0,20 	-0,58 	399.500
20/09/2016 	34,20 	33,29 	34,38 	0,92 	2,76 	548.700
19/09/2016 	33,28 	33,02 	33,84 	0,58 	1,77 	307.000
16/09/2016 	32,70 	32,52 	33,41 	-0,68 	-2,04 	772.700
15/09/2016 	33,38 	32,31 	33,62 	1,05 	3,25 	287.500
14/09/2016 	32,33 	31,73 	32,51 	0,26 	0,81 	509.000
13/09/2016 	32,07 	31,92 	33,55 	-1,61 	-4,78 	510.800
12/09/2016 	33,68 	32,92 	34,12 	0,19 	0,57 	383.800
9/09/2016 	33,49 	33,38 	34,85 	-1,88 	-5,32 	964.400
8/09/2016 	35,37 	35,04 	35,50 	0,32 	0,91 	718.900
6/09/2016 	35,05 	34,50 	35,38 	0,03 	0,09 	326.600
5/09/2016 	35,02 	34,84 	35,37 	0,27 	0,78 	261.100
2/09/2016 	34,75 	33,44 	34,87 	1,35 	4,04 	476.100
1/09/2016 	33,40 	32,58 	33,57 	0,44 	1,33 	292.200
31/08/2016 	32,96 	32,19 	34,41 	-0,48 	-1,44 	968.600
30/08/2016 	33,44 	33,32 	34,38 	-0,77 	-2,25 	262.300
29/08/2016 	34,21 	33,38 	34,85 	0,89 	2,67 	408.900
26/08/2016 	33,32 	33,10 	35,56 	-1,13 	-3,28 	761.100
25/08/2016 	34,45 	33,58 	34,60 	0,62 	1,83 	449.400
24/08/2016 	33,83 	32,89 	34,11 	0,62 	1,87 	1.138.400
23/08/2016 	33,21 	32,99 	33,78 	-0,14 	-0,42 	303.700
22/08/2016 	33,35 	33,23 	34,03 	-0,81 	-2,37 	521.800
19/08/2016 	34,16 	33,32 	34,22 	0,17 	0,50 	374.800
18/08/2016 	33,99 	33,57 	34,36 	0,02 	0,06 	587.800
17/08/2016 	33,97 	32,29 	33,97 	0,58 	1,74 	537.700
16/08/2016 	33,39 	32,69 	33,75 	0,36 	1,09 	512.700
15/08/2016 	33,03 	31,66 	34,03 	1,38 	4,36 	680.100
12/08/2016 	31,65 	31,37 	32,13 	-0,25 	-0,78 	531.800
11/08/2016 	31,90 	30,89 	32,26 	0,68 	2,18 	443.800
10/08/2016 	31,22 	30,99 	31,79 	0,16 	0,52 	725.200
9/08/2016 	31,06 	30,70 	31,53 	-0,21 	-0,67 	1.105.100
8/08/2016 	31,27 	31,09 	32,47 	-0,89 	-2,77 	378.000
5/08/2016 	32,16 	31,11 	32,50 	-0,16 	-0,50 	740.800
4/08/2016 	32,32 	31,41 	32,59 	0,64 	2,02 	674.800
3/08/2016 	31,68 	30,85 	31,97 	0,19 	0,60 	436.200
2/08/2016 	31,49 	31,06 	32,35 	-0,96 	-2,96 	470.800
1/08/2016 	32,45 	31,98 	32,81 	0,30 	0,93 	407.400
29/07/2016 	32,15 	31,55 	32,43 	-0,21 	-0,65 	571.900
28/07/2016 	32,36 	31,47 	32,48 	-0,15 	-0,46 	695.500
27/07/2016 	32,51 	32,17 	33,75 	-0,72 	-2,17 	421.100
26/07/2016 	33,23 	33,03 	33,99 	-0,50 	-1,48 	393.600
25/07/2016 	33,73 	32,82 	34,19 	-0,44 	-1,29 	242.600
22/07/2016 	34,17 	33,91 	34,37 	0,28 	0,83 	484.900
21/07/2016 	33,89 	33,79 	34,35 	0,09 	0,27 	290.400
20/07/2016 	33,80 	33,72 	34,61 	-0,49 	-1,43 	593.400
19/07/2016 	34,29 	33,63 	34,29 	0,26 	0,76 	540.400
18/07/2016 	34,03 	33,19 	34,43 	0,86 	2,59 	552.400
15/07/2016 	33,17 	32,94 	33,96 	-0,14 	-0,42 	513.500
14/07/2016 	33,31 	32,61 	34,22 	0,74 	2,27 	1.038.800
13/07/2016 	32,57 	31,93 	32,88 	0,27 	0,84 	776.200
12/07/2016 	32,30 	31,65 	33,05 	-0,12 	-0,37 	1.091.500
11/07/2016 	32,42 	30,55 	32,45 	2,00 	6,57 	780.200
8/07/2016 	30,42 	29,22 	30,62 	0,94 	3,19 	957.600
7/07/2016 	29,48 	29,35 	30,14 	-0,64 	-2,12 	384.600
6/07/2016 	30,12 	29,67 	30,71 	-0,46 	-1,50 	606.200
5/07/2016 	30,58 	29,31 	30,65 	0,72 	2,41 	698.400
4/07/2016 	29,86 	29,49 	30,48 	0,53 	1,81 	468.800
1/07/2016 	29,33 	28,59 	29,69 	0,11 	0,38 	1.132.700
30/06/2016 	29,22 	28,32 	30,65 	-1,44 	-4,70 	1.615.100
29/06/2016 	30,66 	30,44 	31,07 	0,73 	2,44 	1.173.400
28/06/2016 	29,93 	29,28 	30,53 	0,88 	3,03 	990.100
27/06/2016 	29,05 	28,76 	29,59 	-0,08 	-0,27 	570.800
24/06/2016 	29,13 	28,42 	29,51 	-0,72 	-2,41 	585.400
23/06/2016 	29,85 	28,53 	30,23 	1,32 	4,63 	842.000
22/06/2016 	28,53 	28,53 	29,47 	-0,09 	-0,31 	653.200
21/06/2016 	28,62 	27,40 	28,85 	1,22 	4,45 	844.400
20/06/2016 	27,40 	27,00 	27,86 	0,62 	2,32 	669.000
17/06/2016 	26,78 	26,65 	27,44 	0,30 	1,13 	1.514.300
16/06/2016 	26,48 	25,08 	26,82 	1,08 	4,25 	894.000
15/06/2016 	25,40 	24,80 	25,66 	0,31 	1,24 	577.400
14/06/2016 	25,09 	24,71 	25,68 	-0,47 	-1,84 	510.700
13/06/2016 	25,56 	24,75 	25,70 	0,20 	0,79 	381.000
10/06/2016 	25,36 	24,81 	25,73 	-0,44 	-1,71 	446.600
9/06/2016 	25,80 	25,43 	26,10 	-0,20 	-0,77 	817.800
8/06/2016 	26,00 	24,63 	26,13 	1,58 	6,47 	745.200
7/06/2016 	24,42 	24,00 	24,69 	0,18 	0,74 	793.300
6/06/2016 	24,24 	24,15 	24,59 	0,07 	0,29 	885.300
3/06/2016 	24,17 	24,01 	24,65 	-0,03 	-0,12 	842.700
2/06/2016 	24,20 	23,40 	24,39 	0,73 	3,11 	749.800
1/06/2016 	23,47 	23,14 	23,85 	-0,21 	-0,89 	692.900
31/05/2016 	23,68 	23,22 	23,83 	0,19 	0,81 	892.300
30/05/2016 	23,49 	23,40 	24,12 	-0,37 	-1,55 	217.900
27/05/2016 	23,86 	23,83 	24,54 	-0,06 	-0,25 	817.000
25/05/2016 	23,92 	23,48 	24,37 	0,55 	2,35 	759.400
24/05/2016 	23,37 	23,23 	24,44 	-0,72 	-2,99 	625.400
23/05/2016 	24,09 	23,71 	24,30 	-0,41 	-1,67 	515.400
20/05/2016 	24,50 	24,31 	25,11 	-0,10 	-0,41 	587.900
19/05/2016 	24,60 	23,79 	24,61 	0,09 	0,37 	790.700
18/05/2016 	24,51 	24,39 	25,41 	-0,78 	-3,08 	857.900
17/05/2016 	25,29 	24,90 	25,87 	-0,47 	-1,82 	868.200
16/05/2016 	25,76 	25,25 	26,70 	-0,83 	-3,12 	787.200
13/05/2016 	26,59 	26,59 	28,35 	-2,01 	-7,03 	1.189.100
12/05/2016 	28,60 	27,40 	28,95 	1,10 	4,00 	833.700
11/05/2016 	27,50 	27,16 	28,49 	-0,27 	-0,97 	582.700
10/05/2016 	27,77 	27,00 	27,80 	1,00 	3,74 	465.000
9/05/2016 	26,77 	26,46 	27,40 	-0,76 	-2,76 	480.900
6/05/2016 	27,53 	26,83 	27,79 	0,43 	1,59 	648.500
5/05/2016 	27,10 	26,95 	27,87 	-0,55 	-1,99 	560.300
4/05/2016 	27,65 	27,27 	27,96 	-0,10 	-0,36 	743.500
3/05/2016 	27,75 	27,33 	28,18 	-0,50 	-1,77 	906.000
2/05/2016 	28,25 	27,88 	28,65 	-0,06 	-0,21 	457.700
29/04/2016 	28,31 	27,65 	28,73 	-0,25 	-0,88 	837.200
28/04/2016 	29,71 	29,37 	30,19 	-0,03 	-0,10 	504.100
27/04/2016 	29,74 	28,93 	29,82 	0,78 	2,69 	869.900
26/04/2016 	28,96 	28,56 	29,20 	0,11 	0,38 	527.000
25/04/2016 	28,85 	28,59 	29,25 	0,18 	0,63 	538.000
22/04/2016 	28,67 	27,99 	28,80 	0,28 	0,99 	1.206.800
20/04/2016 	28,39 	28,08 	29,15 	0,01 	0,04 	1.498.500
19/04/2016 	28,38 	28,06 	28,73 	0,48 	1,72 	1.284.000
18/04/2016 	27,90 	27,83 	29,00 	-0,59 	-2,07 	694.900
15/04/2016 	28,49 	27,51 	28,84 	0,81 	2,93 	1.055.700
14/04/2016 	27,68 	27,20 	29,46 	-1,75 	-5,95 	1.166.700
13/04/2016 	29,43 	28,18 	29,83 	1,73 	6,25 	1.207.100
12/04/2016 	27,70 	27,12 	28,00 	0,65 	2,40 	774.000
11/04/2016 	27,05 	26,78 	28,65 	-0,81 	-2,91 	821.700
8/04/2016 	27,86 	27,45 	28,54 	1,23 	4,62 	568.800
7/04/2016 	26,63 	26,32 	27,30 	0,03 	0,11 	601.700
6/04/2016 	26,60 	26,34 	27,39 	-1,05 	-3,80 	835.800
5/04/2016 	27,65 	26,97 	28,21 	0,20 	0,73 	545.900
4/04/2016 	27,45 	27,13 	29,58 	-2,20 	-7,42 	649.600
1/04/2016 	29,65 	27,82 	29,87 	1,00 	3,49 	559.300
31/03/2016 	28,65 	28,18 	29,72 	-0,89 	-3,01 	1.180.800
30/03/2016 	29,54 	29,33 	30,78 	0,09 	0,31 	529.800
29/03/2016 	29,45 	28,38 	29,65 	0,53 	1,83 	932.400
28/03/2016 	28,92 	28,34 	29,43 	0,70 	2,48 	474.300
24/03/2016 	28,22 	26,40 	28,29 	0,21 	0,75 	843.300
23/03/2016 	28,01 	27,93 	29,38 	-1,64 	-5,53 	830.000
22/03/2016 	29,65 	29,14 	30,55 	-0,74 	-2,44 	528.000
21/03/2016 	30,39 	28,11 	30,46 	2,42 	8,65 	641.800
18/03/2016 	27,97 	27,65 	28,59 	0,43 	1,56 	925.200
17/03/2016 	27,54 	26,14 	28,55 	1,84 	7,16 	1.489.400
16/03/2016 	25,70 	24,93 	25,90 	0,25 	0,98 	724.700
15/03/2016 	25,45 	24,86 	27,58 	-2,55 	-9,11 	892.200
14/03/2016 	28,00 	27,60 	29,08 	-0,58 	-2,03 	940.700
11/03/2016 	28,58 	25,99 	28,58 	2,34 	8,92 	1.318.100
10/03/2016 	26,24 	25,09 	27,39 	-0,60 	-2,24 	1.215.200
9/03/2016 	26,84 	26,84 	28,76 	-1,29 	-4,59 	939.500
8/03/2016 	28,13 	26,41 	28,13 	0,85 	3,12 	855.200
7/03/2016 	27,28 	26,69 	27,80 	0,21 	0,78 	684.700
4/03/2016 	27,07 	26,00 	27,45 	1,76 	6,95 	1.509.900
3/03/2016 	25,31 	23,46 	25,71 	1,64 	6,93 	835.800
2/03/2016 	23,67 	23,21 	23,90 	-0,08 	-0,34 	908.500
1/03/2016 	23,75 	23,19 	24,19 	0,62 	2,68 	599.600
29/02/2016 	23,13 	22,24 	23,50 	0,89 	4,00 	720.700
26/02/2016 	22,24 	22,10 	23,50 	-0,96 	-4,14 	727.400
25/02/2016 	23,20 	22,13 	23,20 	0,20 	0,87 	385.300
24/02/2016 	23,00 	21,87 	23,00 	0,03 	0,13 	511.100
23/02/2016 	22,97 	22,88 	24,52 	-1,33 	-5,47 	535.000
22/02/2016 	24,30 	23,10 	24,35 	1,50 	6,58 	691.000
19/02/2016 	22,80 	22,73 	23,33 	-0,54 	-2,31 	593.500
18/02/2016 	23,34 	22,81 	24,44 	-0,66 	-2,75 	498.100
17/02/2016 	24,00 	23,01 	24,74 	0,80 	3,45 	1.034.400
16/02/2016 	23,20 	22,07 	23,26 	0,80 	3,57 	507.900
15/02/2016 	22,40 	21,83 	23,19 	0,02 	0,09 	427.500
12/02/2016 	22,38 	21,50 	22,40 	0,04 	0,18 	419.600
11/02/2016 	22,34 	21,74 	23,77 	-1,61 	-6,72 	587.000
10/02/2016 	23,95 	23,27 	23,96 	0,45 	1,91 	249.500
5/02/2016 	23,50 	22,54 	24,25 	0,80 	3,52 	486.900
4/02/2016 	22,70 	22,03 	23,44 	0,83 	3,80 	747.600
3/02/2016 	21,87 	20,93 	22,20 	0,92 	4,39 	515.900
2/02/2016 	20,95 	20,94 	22,00 	-1,10 	-4,99 	653.100
1/02/2016 	22,05 	21,74 	22,50 	0,00 	0,00 	456.900
29/01/2016 	22,05 	20,39 	22,05 	1,40 	6,78 	1.077.400
28/01/2016 	20,65 	19,45 	20,65 	0,57 	2,84 	771.000
27/01/2016 	20,08 	18,61 	20,44 	1,38 	7,38 	1.001.300
26/01/2016 	18,70 	18,41 	19,52 	-0,30 	-1,58 	713.800
22/01/2016 	19,00 	18,00 	19,15 	1,10 	6,15 	698.600
21/01/2016 	17,90 	17,43 	18,25 	0,15 	0,85 	1.690.600
20/01/2016 	17,75 	17,35 	17,98 	-0,10 	-0,56 	1.223.300
19/01/2016 	17,85 	17,72 	18,66 	-0,30 	-1,65 	785.900
18/01/2016 	18,15 	17,97 	19,35 	-0,95 	-4,97 	438.000
15/01/2016 	19,10 	18,73 	19,28 	-0,38 	-1,95 	628.100
14/01/2016 	19,48 	18,99 	20,05 	-0,47 	-2,36 	766.600
13/01/2016 	19,95 	19,80 	20,77 	-0,59 	-2,87 	677.300
12/01/2016 	20,54 	20,35 	21,19 	-0,01 	-0,05 	592.200
11/01/2016 	20,55 	20,11 	21,12 	0,21 	1,03 	678.000
8/01/2016 	20,34 	20,20 	21,52 	-0,98 	-4,60 	784.900
7/01/2016 	21,32 	21,21 	21,99 	-1,08 	-4,82 	598.300
6/01/2016 	22,40 	21,88 	22,97 	-0,09 	-0,40 	650.600
5/01/2016 	22,49 	22,41 	23,59 	-0,51 	-2,22 	632.300
4/01/2016 	23,00 	22,85 	24,13 	-1,30 	-5,35 	598.200
