1000
41
74
43
56
96
27
53
08
24
53
01
18
73
80
59
42
73
03
79
60
92
64
32
36
04
63
08
67
37
89
10
17
91
50
33
11
99
78
24
66
61
38
72
63
08
07
09
51
38
80
91
84
58
13
87
80
71
09
75
72
99
55
47
10
29
79
63
67
78
41
12
98
20
00
45
17
75
96
90
94
19
03
95
99
70
26
93
87
74
80
72
94
60
45
48
52
87
52
44
07
75
58
01
47
45
38
07
53
61
19
96
41
95
79
14
76
69
63
73
25
30
37
10
45
26
17
29
86
03
10
60
89
59
77
25
84
81
63
04
80
85
35
38
83
19
47
70
48
22
12
03
80
37
71
09
81
97
65
34
56
59
93
78
33
95
67
71
85
34
98
58
27
41
82
78
92
82
25
78
57
53
22
80
14
05
68
73
45
86
15
20
21
85
46
72
87
15
28
42
96
86
87
47
02
51
98
86
18
53
85
55
27
18
89
40
02
57
55
63
64
06
87
36
01
58
99
16
01
68
50
24
39
60
55
24
05
60
50
17
92
92
06
45
04
80
73
27
13
96
48
78
71
44
41
57
07
20
06
55
54
95
37
55
23
24
65
51
86
12
14
81
64
72
87
65
29
62
77
45
06
19
82
28
98
32
02
02
25
67
50
55
43
73
84
64
06
97
59
45
24
39
08
14
18
72
36
77
08
13
29
77
57
62
76
05
91
58
66
36
39
62
86
19
17
26
62
81
34
96
30
39
65
76
49
38
02
93
39
36
68
27
10
70
92
80
91
37
04
48
83
33
09
14
68
24
89
31
83
91
87
98
55
84
52
41
11
79
17
34
50
38
83
49
85
06
16
63
34
63
44
03
91
67
89
96
16
03
20
11
08
66
02
44
39
92
67
23
28
94
79
04
90
57
61
44
97
18
43
91
35
07
19
27
51
80
94
96
83
70
74
32
90
26
90
01
75
35
05
41
98
40
74
57
71
95
70
66
53
41
11
73
36
74
90
51
28
54
48
33
14
19
97
59
19
95
10
76
53
58
55
83
40
62
95
91
63
08
83
70
39
23
04
22
51
81
07
07
87
32
53
79
88
62
35
05
66
07
10
61
62
07
57
58
03
09
98
44
46
63
80
54
16
59
21
12
86
46
13
16
82
79
47
15
80
02
14
74
13
13
37
74
47
93
09
66
27
04
39
13
78
06
18
21
26
27
03
34
92
88
05
66
45
98
02
19
63
37
44
37
29
66
64
66
42
20
13
33
22
96
96
70
27
13
44
51
13
32
76
31
18
18
60
59
35
12
05
31
12
39
73
61
55
83
26
98
96
90
53
35
18
97
97
34
17
85
60
98
41
39
96
29
08
25
65
63
27
67
74
89
67
32
75
22
21
95
32
12
37
16
36
33
98
90
38
24
12
38
16
76
01
69
60
16
67
71
27
96
46
30
88
39
99
17
02
19
06
03
12
60
88
59
60
48
29
21
87
47
55
38
11
22
10
53
12
38
67
74
12
69
76
36
17
63
47
34
48
65
09
26
96
10
11
69
05
89
60
29
61
60
26
13
34
22
74
85
77
78
41
14
82
87
34
64
34
43
52
55
70
89
46
80
87
06
32
38
17
62
87
25
39
84
82
86
81
02
30
81
34
29
29
04
67
50
82
23
33
75
11
32
82
05
81
44
51
09
44
42
00
09
83
76
95
60
14
93
73
07
86
51
40
88
31
54
70
19
72
18
07
31
19
87
01
85
13
27
08
90
02
56
57
47
26
68
42
17
80
77
42
21
83
03
59
45
13
12
18
80
07
30
79
26
56
50
97
83
34
43
72
88
04
40
74
92
39
13
12
85
53
19
72
62
73
33
53
80
75
27
59
84
22
19
10
00
99
68
19
34
88
41
29
92
67
23
13
85
94
79
15
87
97
68
16
32
20
65
04
87
20
76
10
68
15
06
82
92
55
37
43
75
46
89
31
46
71
44
90
73
09
85
98
02
37
43
94
85
65
61
42
93
62
26
64
60
20
43
52
14
47
77
93
65
22
49
71
07
10
23
89
38
30
53
93
48
14
62
16
42
78
42
66
22
29
21
34
40
53
61
70
18
21
81
90
29
90
64
95
46
70
55
02
61
69
70
46
59
85
70
19
24
84
27
34
43
56
12
85
01
35
53
28
26
03
55
92
07
95
01
26
20
39
83
38
43
73
61
61
70
59
13
36
63
27
40
03
87
22
20
97
85
24
75
41
04
09
60
38
64
54
55
66
