30/12/2015 	13,03 	12,63 	13,14 	0,31 	2,44 	5.226.600
29/12/2015 	12,72 	12,30 	12,81 	0,08 	0,63 	2.890.100
28/12/2015 	12,64 	12,56 	13,17 	-0,58 	-4,39 	3.095.800
23/12/2015 	13,22 	12,92 	13,57 	0,67 	5,34 	7.174.800
22/12/2015 	12,55 	12,24 	12,63 	0,26 	2,12 	5.677.800
21/12/2015 	12,29 	12,29 	13,36 	-0,60 	-4,65 	6.942.100
18/12/2015 	12,89 	12,32 	12,96 	0,15 	1,18 	10.929.300
17/12/2015 	12,74 	12,74 	13,60 	-0,51 	-3,85 	5.762.700
16/12/2015 	13,25 	12,71 	13,47 	0,37 	2,87 	4.431.700
15/12/2015 	12,88 	12,60 	13,12 	0,42 	3,37 	6.827.500
14/12/2015 	12,46 	12,18 	12,55 	0,25 	2,05 	5.684.100
11/12/2015 	12,21 	11,91 	12,42 	-0,46 	-3,63 	8.380.400
10/12/2015 	12,67 	12,05 	12,68 	0,59 	4,88 	9.892.200
9/12/2015 	12,08 	11,79 	12,42 	0,43 	3,69 	7.280.600
8/12/2015 	11,65 	11,25 	11,94 	-0,56 	-4,59 	7.855.300
7/12/2015 	12,21 	12,06 	12,45 	-0,14 	-1,13 	3.111.800
4/12/2015 	12,35 	12,16 	12,90 	-0,52 	-4,04 	6.353.600
3/12/2015 	12,87 	12,74 	13,20 	-0,07 	-0,54 	7.183.100
2/12/2015 	12,94 	12,25 	13,03 	0,10 	0,78 	9.799.100
1/12/2015 	12,84 	12,59 	13,32 	-0,33 	-2,51 	6.827.200
30/11/2015 	13,17 	12,60 	13,39 	-0,13 	-0,98 	13.580.600
27/11/2015 	13,30 	13,30 	14,08 	-0,89 	-6,27 	5.924.500
26/11/2015 	14,19 	14,09 	14,27 	0,13 	0,92 	3.803.600
25/11/2015 	14,06 	14,06 	14,51 	-0,41 	-2,83 	5.037.600
24/11/2015 	14,47 	13,88 	14,64 	0,22 	1,54 	4.588.700
23/11/2015 	14,25 	14,06 	14,48 	-0,39 	-2,66 	5.727.500
19/11/2015 	14,64 	14,50 	15,00 	0,05 	0,34 	3.996.400
18/11/2015 	14,59 	14,35 	14,94 	0,07 	0,48 	5.947.400
17/11/2015 	14,52 	14,49 	15,10 	-0,53 	-3,52 	4.559.600
16/11/2015 	15,05 	14,99 	15,53 	-0,32 	-2,08 	4.938.100
13/11/2015 	15,37 	15,00 	15,39 	0,32 	2,13 	3.774.500
12/11/2015 	15,05 	15,00 	15,32 	-0,27 	-1,76 	5.638.200
11/11/2015 	15,32 	15,06 	15,84 	-0,06 	-0,39 	3.974.700
10/11/2015 	15,38 	15,13 	15,43 	-0,06 	-0,39 	4.443.100
9/11/2015 	15,44 	15,36 	15,84 	-0,23 	-1,47 	2.976.200
6/11/2015 	15,67 	15,59 	16,36 	-1,28 	-7,55 	10.019.900
5/11/2015 	16,95 	16,64 	17,41 	-0,45 	-2,59 	5.530.800
4/11/2015 	17,40 	17,07 	18,35 	-0,35 	-1,97 	7.170.700
3/11/2015 	17,75 	16,84 	17,75 	0,69 	4,04 	7.944.000
30/10/2015 	17,06 	16,30 	17,06 	0,92 	5,70 	6.120.900
29/10/2015 	16,14 	16,14 	16,50 	-0,43 	-2,60 	5.875.100
28/10/2015 	16,57 	16,40 	16,92 	-0,46 	-2,70 	9.459.400
27/10/2015 	17,03 	16,95 	17,91 	-0,83 	-4,65 	7.463.500
26/10/2015 	17,86 	17,83 	18,65 	-0,74 	-3,98 	5.032.900
23/10/2015 	18,60 	18,35 	19,33 	0,09 	0,49 	8.337.200
22/10/2015 	18,51 	18,17 	19,00 	0,42 	2,32 	7.223.800
21/10/2015 	18,09 	17,59 	18,28 	0,48 	2,73 	3.689.500
20/10/2015 	17,61 	17,35 	17,97 	-0,19 	-1,07 	4.101.800
19/10/2015 	17,80 	17,71 	18,55 	-0,62 	-3,37 	6.627.700
16/10/2015 	18,42 	18,20 	18,86 	-0,17 	-0,91 	5.286.500
15/10/2015 	18,97 	18,43 	19,05 	0,27 	1,44 	5.299.000
14/10/2015 	18,70 	18,60 	19,17 	0,12 	0,65 	13.340.900
13/10/2015 	18,58 	18,55 	20,00 	-2,21 	-10,63 	8.791.900
9/10/2015 	20,79 	20,20 	20,83 	0,73 	3,64 	12.004.700
8/10/2015 	20,06 	19,68 	20,18 	-0,09 	-0,45 	5.874.000
7/10/2015 	20,15 	19,30 	20,30 	1,84 	10,05 	9.643.300
6/10/2015 	18,31 	18,00 	18,55 	0,17 	0,94 	4.547.000
5/10/2015 	18,14 	18,00 	18,39 	0,32 	1,80 	3.560.500
2/10/2015 	17,82 	16,87 	17,93 	0,60 	3,48 	7.094.500
1/10/2015 	17,22 	16,71 	17,51 	0,64 	3,86 	6.025.400
30/09/2015 	16,58 	16,33 	17,05 	0,10 	0,61 	6.656.900
29/09/2015 	16,48 	16,43 	17,18 	-0,11 	-0,66 	7.689.400
28/09/2015 	16,59 	16,57 	17,70 	-1,34 	-7,47 	7.550.200
25/09/2015 	17,93 	17,82 	18,92 	-0,52 	-2,82 	4.415.000
24/09/2015 	18,45 	18,35 	18,99 	-0,45 	-2,38 	6.058.300
23/09/2015 	18,90 	18,90 	19,65 	-0,56 	-2,88 	5.322.700
22/09/2015 	19,46 	18,84 	19,71 	-0,47 	-2,36 	8.150.400
21/09/2015 	19,93 	19,63 	20,28 	0,02 	0,10 	5.204.800
18/09/2015 	19,91 	19,39 	20,41 	0,42 	2,15 	11.201.100
17/09/2015 	19,49 	18,88 	20,28 	0,45 	2,36 	7.176.700
16/09/2015 	19,04 	18,63 	19,27 	0,44 	2,37 	6.510.800
15/09/2015 	18,60 	18,52 	19,26 	-0,55 	-2,87 	6.052.400
14/09/2015 	19,15 	18,80 	19,59 	-0,30 	-1,54 	5.681.700
11/09/2015 	19,45 	19,17 	20,56 	-0,49 	-2,46 	8.178.400
10/09/2015 	19,94 	18,66 	20,06 	0,88 	4,62 	9.651.200
9/09/2015 	19,06 	18,94 	19,94 	0,13 	0,69 	7.710.800
8/09/2015 	18,93 	18,63 	19,20 	0,69 	3,78 	6.503.700
4/09/2015 	18,24 	18,05 	18,60 	-0,49 	-2,62 	11.929.000
3/09/2015 	18,73 	18,10 	19,37 	0,62 	3,42 	8.803.200
2/09/2015 	18,11 	17,26 	18,20 	1,01 	5,91 	10.593.100
1/09/2015 	17,10 	17,10 	17,96 	-0,82 	-4,58 	6.385.200
31/08/2015 	17,92 	16,96 	18,09 	0,61 	3,52 	7.681.600
28/08/2015 	17,31 	17,21 	18,39 	-0,38 	-2,15 	6.207.000
27/08/2015 	17,69 	16,18 	17,69 	1,79 	11,26 	8.352.000
26/08/2015 	15,90 	15,28 	15,95 	0,55 	3,58 	6.596.300
25/08/2015 	15,35 	15,35 	16,28 	-0,05 	-0,32 	5.986.200
24/08/2015 	15,40 	14,77 	16,40 	-1,30 	-7,78 	10.704.500
21/08/2015 	16,70 	16,70 	17,16 	-0,47 	-2,74 	4.976.500
20/08/2015 	17,17 	16,73 	17,34 	0,33 	1,96 	6.094.900
19/08/2015 	16,84 	16,68 	17,49 	-0,58 	-3,33 	5.190.900
18/08/2015 	17,42 	17,42 	18,05 	-0,59 	-3,28 	4.392.600
17/08/2015 	18,01 	17,97 	18,33 	-0,19 	-1,04 	4.277.100
14/08/2015 	18,20 	18,20 	18,75 	-0,28 	-1,52 	6.519.600
13/08/2015 	18,48 	18,44 	19,50 	-0,44 	-2,33 	5.992.300
12/08/2015 	18,92 	18,15 	19,13 	0,32 	1,72 	12.435.800
11/08/2015 	18,60 	18,11 	19,04 	-0,75 	-3,88 	11.477.700
10/08/2015 	19,35 	18,33 	19,56 	0,93 	5,05 	11.625.200
7/08/2015 	18,42 	18,42 	19,49 	-1,16 	-5,92 	6.610.600
6/08/2015 	19,58 	18,67 	19,79 	0,57 	3,00 	10.316.100
5/08/2015 	19,01 	18,65 	19,28 	0,91 	5,03 	7.720.000
4/08/2015 	18,10 	17,92 	18,31 	0,51 	2,90 	3.889.900
3/08/2015 	17,59 	17,30 	17,94 	-0,28 	-1,57 	4.242.200
31/07/2015 	17,87 	17,13 	18,04 	0,42 	2,41 	8.483.000
30/07/2015 	17,45 	17,39 	19,81 	-0,90 	-4,90 	9.972.100
29/07/2015 	18,35 	18,20 	18,70 	0,26 	1,44 	7.373.300
28/07/2015 	18,09 	17,06 	18,20 	1,33 	7,94 	10.641.100
27/07/2015 	16,76 	16,41 	17,55 	-0,03 	-0,18 	6.222.000
24/07/2015 	16,79 	16,54 	17,55 	-0,53 	-3,06 	5.613.100
23/07/2015 	17,32 	17,28 	17,93 	0,03 	0,17 	5.866.900
22/07/2015 	17,29 	16,84 	17,46 	-0,26 	-1,48 	7.793.300
21/07/2015 	17,55 	17,20 	18,03 	0,24 	1,39 	5.797.200
20/07/2015 	17,31 	17,30 	17,92 	-0,14 	-0,80 	3.472.900
17/07/2015 	17,45 	17,28 	17,74 	-0,19 	-1,08 	2.919.400
16/07/2015 	17,64 	17,28 	17,69 	0,53 	3,10 	2.865.700
15/07/2015 	17,11 	17,11 	18,19 	-0,71 	-3,98 	6.433.400
14/07/2015 	17,82 	17,66 	18,21 	-0,68 	-3,68 	5.262.000
13/07/2015 	18,50 	16,94 	18,52 	1,39 	8,12 	11.100.400
10/07/2015 	17,11 	17,11 	18,05 	-0,05 	-0,29 	4.806.000
8/07/2015 	17,16 	17,03 	17,82 	-0,77 	-4,29 	8.284.000
7/07/2015 	17,93 	16,64 	18,05 	0,28 	1,59 	7.940.000
6/07/2015 	17,65 	17,24 	17,68 	-0,03 	-0,17 	4.653.300
3/07/2015 	17,68 	17,56 	18,08 	-0,39 	-2,16 	1.942.500
2/07/2015 	18,07 	17,75 	18,36 	-0,04 	-0,22 	4.250.400
1/07/2015 	18,11 	17,97 	18,61 	-0,18 	-0,98 	2.429.200
30/06/2015 	18,29 	18,16 	19,20 	-0,91 	-4,74 	5.346.300
29/06/2015 	19,20 	19,01 	19,49 	-0,42 	-2,14 	2.879.400
26/06/2015 	19,62 	19,06 	19,63 	0,30 	1,55 	2.998.200
25/06/2015 	19,32 	19,13 	19,88 	-0,48 	-2,42 	5.093.500
24/06/2015 	19,80 	19,71 	20,18 	-0,01 	-0,05 	2.860.700
23/06/2015 	19,81 	19,81 	20,17 	0,12 	0,61 	2.855.000
22/06/2015 	19,69 	19,69 	20,53 	-0,63 	-3,10 	5.100.900
19/06/2015 	20,32 	19,85 	20,35 	-0,08 	-0,39 	3.145.800
18/06/2015 	20,40 	19,49 	20,40 	0,93 	4,78 	5.545.400
17/06/2015 	19,47 	19,30 	19,83 	-0,28 	-1,42 	5.319.800
16/06/2015 	19,75 	19,69 	20,18 	-0,59 	-2,90 	6.297.400
15/06/2015 	20,34 	0,00 	0,00 	-0,82 	-3,88 	4.372.800
12/06/2015 	21,16 	20,94 	21,31 	-0,17 	-0,80 	3.608.400
11/06/2015 	21,33 	21,07 	21,72 	0,12 	0,57 	6.184.700
10/06/2015 	21,21 	20,39 	21,35 	1,23 	6,16 	5.188.100
9/06/2015 	19,98 	19,90 	20,62 	-0,12 	-0,60 	6.289.800
8/06/2015 	20,10 	20,09 	20,65 	-0,50 	-2,43 	4.656.400
5/06/2015 	20,60 	20,32 	20,99 	-0,29 	-1,39 	6.059.100
3/06/2015 	20,89 	20,75 	21,54 	-0,46 	-2,15 	4.771.500
2/06/2015 	21,35 	20,10 	21,40 	1,31 	6,54 	5.825.900
1/06/2015 	20,04 	19,79 	20,39 	-0,01 	-0,05 	6.737.200
29/05/2015 	20,05 	20,05 	20,69 	-0,49 	-2,39 	8.593.400
28/05/2015 	20,54 	20,28 	20,75 	-0,41 	-1,96 	3.827.200
27/05/2015 	20,95 	20,26 	21,01 	0,16 	0,77 	4.463.000
26/05/2015 	20,79 	20,50 	21,18 	0,22 	1,07 	6.763.200
25/05/2015 	20,57 	20,11 	20,86 	0,31 	1,53 	1.512.600
22/05/2015 	20,26 	20,16 	20,69 	0,01 	0,05 	5.961.500
21/05/2015 	20,25 	19,78 	20,50 	0,40 	2,02 	3.313.600
20/05/2015 	19,85 	19,80 	20,48 	-0,27 	-1,34 	6.560.600
19/05/2015 	20,12 	19,83 	20,23 	-0,12 	-0,59 	11.725.800
18/05/2015 	20,24 	20,24 	21,50 	-1,04 	-4,89 	9.951.100
15/05/2015 	21,28 	21,19 	21,65 	-0,05 	-0,23 	5.488.400
14/05/2015 	21,33 	21,14 	22,05 	-0,27 	-1,25 	7.164.900
13/05/2015 	21,60 	21,52 	22,38 	-0,73 	-3,27 	9.246.300
12/05/2015 	22,33 	22,26 	23,59 	-0,95 	-4,08 	6.229.100
11/05/2015 	23,28 	23,07 	23,94 	0,53 	2,33 	8.114.400
8/05/2015 	22,75 	22,71 	24,70 	-1,13 	-4,73 	10.198.700
7/05/2015 	23,88 	23,57 	25,40 	-1,05 	-4,21 	12.409.400
6/05/2015 	24,93 	24,88 	27,89 	-2,13 	-7,87 	17.325.100
5/05/2015 	27,06 	24,76 	27,11 	2,28 	9,20 	14.135.800
4/05/2015 	24,78 	23,72 	24,78 	2,13 	9,40 	9.920.300
30/04/2015 	22,65 	20,37 	22,76 	1,54 	7,30 	21.799.200
29/04/2015 	21,11 	21,09 	21,87 	-1,44 	-6,39 	13.797.800
28/04/2015 	22,55 	22,07 	24,14 	-0,91 	-3,88 	16.718.500
27/04/2015 	23,46 	23,04 	24,81 	0,26 	1,12 	16.778.800
24/04/2015 	23,20 	21,90 	23,55 	2,11 	10,00 	20.663.500
23/04/2015 	21,09 	19,26 	21,25 	1,64 	8,43 	8.092.800
22/04/2015 	19,45 	18,21 	19,56 	1,72 	9,70 	7.952.200
20/04/2015 	17,73 	17,71 	18,12 	-0,07 	-0,39 	2.998.200
17/04/2015 	17,80 	17,76 	18,12 	-0,26 	-1,44 	4.028.500
16/04/2015 	18,06 	18,01 	18,72 	-0,54 	-2,90 	4.674.500
15/04/2015 	18,60 	18,10 	18,71 	0,37 	2,03 	8.474.000
14/04/2015 	18,75 	18,55 	19,25 	0,51 	2,80 	6.815.000
13/04/2015 	18,24 	18,04 	18,87 	-0,18 	-0,98 	4.690.000
10/04/2015 	18,42 	18,42 	18,93 	-0,38 	-2,02 	3.778.500
9/04/2015 	18,80 	18,19 	18,93 	0,05 	0,27 	7.782.100
8/04/2015 	18,75 	18,63 	19,55 	-0,25 	-1,32 	6.444.700
7/04/2015 	19,00 	18,27 	19,20 	0,87 	4,80 	11.637.800
6/04/2015 	18,13 	17,88 	18,50 	0,13 	0,72 	4.681.500
2/04/2015 	18,00 	17,17 	18,14 	0,46 	2,62 	6.403.700
1/04/2015 	17,54 	17,37 	17,81 	-0,40 	-2,23 	10.492.800
31/03/2015 	17,94 	17,83 	18,37 	-0,68 	-3,65 	4.660.000
30/03/2015 	18,62 	18,23 	18,73 	0,27 	1,47 	4.000.500
27/03/2015 	18,35 	18,17 	18,88 	-0,57 	-3,01 	5.998.700
26/03/2015 	18,92 	18,92 	19,81 	-0,84 	-4,25 	6.776.800
25/03/2015 	19,76 	19,28 	19,94 	0,18 	0,92 	4.521.200
24/03/2015 	19,58 	19,41 	20,43 	-0,80 	-3,93 	5.121.100
23/03/2015 	20,38 	19,88 	20,46 	0,13 	0,64 	4.800.500
20/03/2015 	20,25 	19,09 	20,25 	1,10 	5,74 	10.088.500
19/03/2015 	19,15 	19,15 	19,67 	-0,44 	-2,25 	3.453.200
18/03/2015 	19,59 	19,13 	19,71 	-0,29 	-1,46 	9.372.500
17/03/2015 	19,88 	18,97 	20,00 	0,98 	5,19 	8.560.000
16/03/2015 	18,90 	18,53 	19,33 	0,02 	0,11 	7.563.100
13/03/2015 	18,88 	18,15 	19,13 	0,02 	0,11 	14.047.100
12/03/2015 	18,86 	18,86 	19,56 	0,00 	0,00 	10.300.900
11/03/2015 	18,86 	18,78 	19,18 	-0,24 	-1,26 	11.122.900
10/03/2015 	19,10 	19,04 	19,53 	-0,44 	-2,25 	5.689.100
9/03/2015 	19,54 	19,15 	19,77 	-0,05 	-0,26 	5.316.800
6/03/2015 	19,59 	19,07 	19,87 	0,09 	0,46 	7.272.700
5/03/2015 	19,50 	19,39 	20,38 	-0,89 	-4,36 	7.099.300
4/03/2015 	20,39 	20,09 	20,67 	-0,40 	-1,92 	5.950.500
3/03/2015 	20,79 	20,62 	21,12 	0,23 	1,12 	4.368.700
2/03/2015 	20,56 	20,39 	21,25 	-0,69 	-3,25 	4.530.500
27/02/2015 	21,25 	21,11 	21,63 	0,00 	0,00 	4.924.700
26/02/2015 	21,25 	20,88 	21,94 	-0,89 	-4,02 	7.328.900
25/02/2015 	22,14 	21,80 	22,26 	0,10 	0,45 	4.706.300
24/02/2015 	22,04 	21,59 	22,29 	0,42 	1,94 	6.375.200
23/02/2015 	21,62 	21,38 	22,28 	-1,00 	-4,42 	5.537.800
20/02/2015 	22,62 	21,95 	22,71 	0,52 	2,35 	2.482.200
19/02/2015 	22,10 	22,04 	22,88 	-0,61 	-2,69 	4.582.500
18/02/2015 	22,71 	22,68 	23,00 	0,23 	1,02 	5.790.600
13/02/2015 	22,48 	21,81 	22,70 	0,90 	4,17 	6.851.900
12/02/2015 	21,58 	21,27 	21,87 	0,48 	2,27 	5.596.600
11/02/2015 	21,10 	20,33 	21,18 	0,70 	3,43 	5.674.300
10/02/2015 	20,40 	20,40 	21,61 	-1,19 	-5,51 	5.590.700
9/02/2015 	21,59 	20,21 	21,86 	1,17 	5,73 	4.425.200
6/02/2015 	20,42 	19,96 	20,63 	-0,03 	-0,15 	4.364.200
5/02/2015 	20,45 	20,43 	21,17 	-0,10 	-0,49 	4.486.300
4/02/2015 	20,55 	20,16 	21,17 	-0,32 	-1,53 	7.333.200
3/02/2015 	20,87 	20,13 	21,22 	1,13 	5,72 	9.620.100
2/02/2015 	19,74 	18,65 	19,82 	1,13 	6,07 	6.244.700
30/01/2015 	18,61 	17,65 	18,68 	0,56 	3,10 	7.131.500
29/01/2015 	18,05 	17,91 	19,21 	-0,90 	-4,75 	8.447.200
28/01/2015 	18,95 	18,65 	19,35 	-0,05 	-0,26 	3.972.900
27/01/2015 	19,00 	18,58 	19,54 	-0,58 	-2,96 	5.447.200
26/01/2015 	19,58 	19,57 	20,11 	-0,94 	-4,58 	4.844.000
23/01/2015 	20,52 	20,47 	21,60 	-1,39 	-6,34 	7.128.900
22/01/2015 	21,91 	21,76 	22,87 	-0,17 	-0,77 	4.007.100
21/01/2015 	22,08 	21,51 	22,28 	0,34 	1,56 	2.815.600
20/01/2015 	21,74 	21,52 	22,08 	0,09 	0,42 	2.047.600
19/01/2015 	21,65 	21,30 	21,68 	-0,23 	-1,05 	2.088.400
16/01/2015 	21,88 	20,85 	22,22 	0,94 	4,49 	3.911.000
15/01/2015 	20,94 	20,45 	21,26 	0,24 	1,16 	5.707.000
14/01/2015 	20,70 	20,69 	22,00 	-1,81 	-8,04 	10.770.100
13/01/2015 	22,51 	22,51 	23,13 	-0,13 	-0,57 	6.022.900
12/01/2015 	22,64 	21,93 	22,65 	0,29 	1,30 	4.512.700
9/01/2015 	22,35 	22,29 	22,85 	-0,49 	-2,15 	3.571.100
8/01/2015 	22,84 	22,11 	22,88 	0,24 	1,06 	4.623.300
7/01/2015 	22,60 	21,97 	22,81 	0,80 	3,67 	6.033.900
6/01/2015 	21,80 	21,07 	22,13 	0,84 	4,01 	9.774.000
5/01/2015 	20,96 	20,51 	21,13 	-0,32 	-1,50 	8.295.300
2/01/2015 	21,28 	21,06 	21,95 	-0,63 	-2,88 	5.612.900
