135220
213705
113602
153603
113603
223462
123316
184590
147242
106345
186989
151340
163603
135051
183459
124592
180598
500030
195493
131544
197730
202646
110888
113126
159950
105695
114178
192052
232415
121913
170401
201455
143856
157382
142487
218821
171371
146133
102158
152232
731368
131658
136915
126390
103737
505141
133068
152645
117263
135813
130190
229668
704920
141086
149948
211450
191406
131284
222531
213692
137928
147121
235219
154094
152136
101049
123088
103178
219001
181690
137950
203698
219810
139968
117562
165226
114915
186341
107493
190254
204647
226444
217242
738957
182574
219300
239250
230574
133560
213354
194391
116600
103460
115703
191228
145889
236285
113852
219916
193268
502323
180705
128733
197430
192419
118511
166901
765445
130079
211190
159981
101437
224800
119855
159419
191930
773972
119549
147228
182688
122381
235220
158420
165272
176429
167330
111627
168304
185450
147477
128060
138617
113521
127492
217670
211296
118251
190902
191349
185937
195511
700465
204540
120730
161612
180484
188463
107326
213087
198525
784883
704595
235176
505682
201537
100755
194231
134298
222474
117594
213500
119620
115668
146700
194936
100164
188424
141855
186487
238966
193810
213895
214680
139256
704030
503700
174691
224297
129269
131195
191107
235137
190700
113083
194612
106726
822630
123704
705804
136737
213977
213605
213938
136833
240180
703372
170604
107753
151027
504460
829264
101775
236641
174346
159530
108620
238304
221283
169356
221269
130990
109238
124795
137593
157560
101768
124101
194808
199716
196741
116357
144552
218593
180267
128651
107333
125178
501513
200500
112444
130296
191502
846363
185410
104682
235735
142890
127357
108780
215355
238973
236997
892994
152606
129874
104013
113845
163613
263603
113605
